0 402
164 25
165 25
166 25
167 25
168 25
169 25
170 25
171 25
172 25
173 25
174 25
175 25
176 25
177 25
178 25
179 25
180 25
181 25
182 25
183 25
184 25
185 25
186 25
187 25
188 25
189 25
190 25
191 25
192 25
193 25
194 25
195 25
196 25
197 25
198 25
199 25
200 25
201 25
202 25
203 25
204 25
205 25
206 25
207 25
208 25
209 25
210 25
211 25
212 25
213 25
214 25
215 25
216 25
217 25
218 25
219 25
220 25
221 25
222 25
222 26
222 27
222 28
222 29
222 30
222 31
222 32
222 33
222 34
222 35
222 36
222 37
222 38
222 39
222 40
222 41
222 42
222 43
222 44
222 45
222 46
222 47
222 48
222 49
222 50
222 51
222 52
222 53
222 54
222 55
222 56
222 57
222 58
222 59
222 60
222 61
222 62
222 63
222 64
222 65
222 66
222 67
222 68
222 69
222 70
222 71
222 72
222 73
222 74
222 75
222 76
222 77
222 78
222 79
222 80
222 81
222 82
222 83
222 84
222 85
222 86
222 87
222 88
222 89
222 90
222 91
222 92
222 93
222 94
222 95
222 96
222 97
222 98
222 99
222 100
222 101
222 102
222 103
222 104
222 105
222 106
222 107
222 108
222 109
222 110
222 111
222 112
222 113
222 114
222 115
222 116
222 117
222 118
222 119
222 120
222 121
222 122
222 123
222 124
222 125
222 126
222 127
222 128
222 129
222 130
222 131
222 132
222 133
222 134
222 135
222 136
222 137
222 138
222 139
222 140
222 141
222 142
222 143
222 144
222 145
222 146
222 147
222 148
222 149
222 150
222 151
222 152
222 153
222 154
222 155
222 156
222 157
222 158
222 159
222 160
222 161
222 162
222 163
222 164
222 165
222 166
222 167
222 168
221 168
220 168
219 168
218 168
217 168
216 168
215 168
214 168
213 168
212 168
211 168
210 168
209 168
208 168
207 168
206 168
205 168
204 168
203 168
202 168
201 168
200 168
199 168
198 168
197 168
196 168
195 168
194 168
193 168
192 168
191 168
190 168
189 168
188 168
187 168
186 168
185 168
184 168
183 168
182 168
181 168
180 168
179 168
178 168
177 168
176 168
175 168
174 168
173 168
172 168
171 168
170 168
169 168
168 168
167 168
166 168
165 168
164 168
164 167
164 166
164 165
164 164
164 163
164 162
164 161
164 160
164 159
164 158
164 157
164 156
164 155
164 154
164 153
164 152
164 151
164 150
164 149
164 148
164 147
164 146
164 145
164 144
164 143
164 142
164 141
164 140
164 139
164 138
164 137
164 136
164 135
164 134
164 133
164 132
164 131
164 130
164 129
164 128
164 127
164 126
164 125
164 124
164 123
164 122
164 121
164 120
164 119
164 118
164 117
164 116
164 115
164 114
164 113
164 112
164 111
164 110
164 109
164 108
164 107
164 106
164 105
164 104
164 103
164 102
164 101
164 100
164 99
164 98
164 97
164 96
164 95
164 94
164 93
164 92
164 91
164 90
164 89
164 88
164 87
164 86
164 85
164 84
164 83
164 82
164 81
164 80
164 79
164 78
164 77
164 76
164 75
164 74
164 73
164 72
164 71
164 70
164 69
164 68
164 67
164 66
164 65
164 64
164 63
164 62
164 61
164 60
164 59
164 58
164 57
164 56
164 55
164 54
164 53
164 52
164 51
164 50
164 49
164 48
164 47
164 46
164 45
164 44
164 43
164 42
164 41
164 40
164 39
164 38
164 37
164 36
164 35
164 34
164 33
164 32
164 31
164 30
164 29
164 28
164 27
164 26
1 152
88 39
89 39
90 39
91 39
92 39
93 39
94 39
95 39
96 39
97 39
98 39
99 39
100 39
101 39
102 39
103 39
104 39
105 39
106 39
107 39
108 39
109 39
110 39
111 39
112 39
113 39
114 39
115 39
116 39
117 39
118 39
119 39
120 39
121 39
121 40
121 41
121 42
121 43
121 44
121 45
121 46
121 47
121 48
121 49
121 50
121 51
121 52
121 53
121 54
121 55
121 56
121 57
121 58
121 59
121 60
121 61
121 62
121 63
121 64
121 65
121 66
121 67
121 68
121 69
121 70
121 71
121 72
121 73
121 74
121 75
121 76
121 77
121 78
121 79
121 80
121 81
121 82
120 82
119 82
118 82
117 82
116 82
115 82
114 82
113 82
112 82
111 82
110 82
109 82
108 82
107 82
106 82
105 82
104 82
103 82
102 82
101 82
100 82
99 82
98 82
97 82
96 82
95 82
94 82
93 82
92 82
91 82
90 82
89 82
88 82
88 81
88 80
88 79
88 78
88 77
88 76
88 75
88 74
88 73
88 72
88 71
88 70
88 69
88 68
88 67
88 66
88 65
88 64
88 63
88 62
88 61
88 60
88 59
88 58
88 57
88 56
88 55
88 54
88 53
88 52
88 51
88 50
88 49
88 48
88 47
88 46
88 45
88 44
88 43
88 42
88 41
88 40
2 124
251 47
252 47
253 47
254 47
255 47
256 47
257 47
258 47
259 47
260 47
261 47
262 47
263 47
264 47
265 47
266 47
267 47
268 47
269 47
270 47
271 47
272 47
273 47
274 47
275 47
276 47
277 47
278 47
279 47
280 47
281 47
282 47
283 47
284 47
285 47
286 47
287 47
288 47
289 47
290 47
291 47
292 48
292 49
292 50
292 51
292 52
292 53
292 54
292 55
292 56
292 57
292 58
292 59
292 60
292 61
292 62
292 63
292 64
292 65
292 66
292 67
292 68
292 69
292 70
292 71
292 72
292 73
292 74
292 75
292 76
292 77
292 78
292 79
292 80
292 81
292 82
292 83
292 84
292 85
292 86
291 87
290 87
289 87
288 86
287 85
286 84
285 83
284 82
283 81
282 80
281 79
280 79
279 78
278 77
277 76
276 75
275 74
274 73
273 72
272 71
271 70
270 69
269 68
268 67
267 66
266 65
265 64
264 63
263 62
262 61
261 61
260 60
259 59
258 58
257 57
256 56
255 55
254 54
253 53
252 52
251 51
250 50
250 49
250 48
3 175
29 52
30 52
31 53
32 54
33 55
34 56
34 57
35 58
36 59
37 60
37 61
38 62
39 63
39 64
40 65
41 66
42 67
42 68
43 69
44 70
45 71
45 72
46 73
47 74
48 75
48 76
49 77
50 78
50 79
51 80
51 81
51 82
51 83
50 84
50 85
50 86
50 87
50 88
50 89
49 90
49 91
49 92
49 93
49 94
49 95
48 96
48 97
48 98
48 99
48 100
48 101
47 102
47 103
47 104
47 105
47 106
47 107
46 108
46 109
46 110
46 111
46 112
46 113
45 114
45 115
45 116
45 117
45 118
44 119
44 120
44 121
44 122
44 123
44 124
43 125
43 126
42 126
41 126
40 126
39 126
38 126
37 126
36 126
35 126
34 126
33 126
32 126
31 126
30 126
29 126
28 126
27 126
26 126
25 126
24 126
23 126
22 126
21 126
20 126
19 126
18 126
17 126
16 125
15 124
15 123
15 122
15 121
15 120
15 119
14 118
14 117
14 116
14 115
14 114
14 113
13 112
13 111
13 110
13 109
13 108
13 107
12 106
12 105
12 104
12 103
12 102
11 101
11 100
11 99
11 98
11 97
11 96
10 95
10 94
10 93
10 92
10 91
10 90
9 89
9 88
9 87
9 86
9 85
9 84
8 83
8 82
8 81
8 80
9 79
9 78
10 77
11 76
12 75
12 74
13 73
14 72
14 71
15 70
16 69
17 68
17 67
18 66
19 65
20 64
20 63
21 62
22 61
23 60
23 59
24 58
25 57
25 56
26 55
27 54
28 53
4 88
271 124
272 124
273 124
274 125
275 126
276 127
277 128
278 129
279 130
280 131
281 132
282 133
283 134
283 135
284 136
285 137
286 138
287 139
288 140
289 141
290 142
291 143
292 144
292 145
292 146
291 147
290 148
289 149
288 150
287 151
286 152
285 153
285 154
284 155
283 156
282 157
281 158
280 159
279 160
278 161
277 162
276 163
275 164
274 165
273 166
272 166
271 166
270 165
269 164
268 163
267 162
266 161
265 160
264 159
263 158
262 157
261 156
261 155
260 154
259 153
258 152
257 151
256 150
255 149
254 148
253 147
252 146
252 145
252 144
253 143
254 142
255 141
256 140
257 139
258 138
259 137
260 136
261 135
262 134
262 133
263 132
264 131
265 130
266 129
267 128
268 127
269 126
270 125
5 290
26 145
27 145
28 145
29 145
30 145
31 145
32 145
33 145
34 145
35 145
36 145
37 145
38 145
39 145
40 145
41 145
42 145
43 145
44 145
45 145
46 145
47 145
48 145
49 145
50 145
51 145
52 145
53 145
54 145
55 145
56 145
57 145
58 145
59 145
60 145
61 145
62 145
63 145
64 145
65 145
66 145
67 145
68 145
69 145
70 145
71 145
72 145
73 145
74 145
75 145
76 145
77 145
78 145
79 145
80 145
81 145
82 145
83 145
84 145
85 145
86 145
87 145
88 145
89 145
90 145
91 145
92 145
93 145
94 145
95 145
96 145
97 145
98 145
99 145
100 145
101 145
102 145
103 145
104 145
105 145
106 145
107 145
108 145
109 145
110 145
111 145
112 145
113 145
114 145
115 145
116 145
117 145
118 145
119 145
120 145
121 145
122 145
123 145
124 145
125 145
126 145
127 145
127 146
127 147
127 148
127 149
127 150
127 151
127 152
127 153
127 154
127 155
127 156
127 157
127 158
127 159
127 160
127 161
127 162
127 163
127 164
127 165
127 166
127 167
127 168
127 169
127 170
127 171
127 172
127 173
127 174
127 175
127 176
127 177
127 178
127 179
127 180
127 181
127 182
127 183
127 184
127 185
127 186
127 187
127 188
127 189
126 189
125 189
124 189
123 189
122 189
121 189
120 189
119 189
118 189
117 189
116 189
115 189
114 189
113 189
112 189
111 189
110 189
109 189
108 189
107 189
106 189
105 189
104 189
103 189
102 189
101 189
100 189
99 189
98 189
97 189
96 189
95 189
94 189
93 189
92 189
91 189
90 189
89 189
88 189
87 189
86 189
85 189
84 189
83 189
82 189
81 189
80 189
79 189
78 189
77 189
76 189
75 189
74 189
73 189
72 189
71 189
70 189
69 189
68 189
67 189
66 189
65 189
64 189
63 189
62 189
61 189
60 189
59 189
58 189
57 189
56 189
55 189
54 189
53 189
52 189
51 189
50 189
49 189
48 189
47 189
46 189
45 189
44 189
43 189
42 189
41 189
40 189
39 189
38 189
37 189
36 189
35 189
34 189
33 189
32 189
31 189
30 189
29 189
28 189
27 189
26 189
26 188
26 187
26 186
26 185
26 184
26 183
26 182
26 181
26 180
26 179
26 178
26 177
26 176
26 175
26 174
26 173
26 172
26 171
26 170
26 169
26 168
26 167
26 166
26 165
26 164
26 163
26 162
26 161
26 160
26 159
26 158
26 157
26 156
26 155
26 154
26 153
26 152
26 151
26 150
26 149
26 148
26 147
26 146
6 264
158 198
159 198
160 198
161 198
162 198
163 198
164 198
165 198
166 198
167 198
168 198
169 198
170 198
171 198
172 198
173 198
174 198
175 198
176 198
177 198
178 198
179 198
180 198
181 198
182 198
183 198
184 198
185 198
186 198
187 198
188 198
189 198
190 198
191 198
192 198
193 198
194 198
195 198
196 198
197 198
198 198
199 198
200 198
201 198
202 198
203 198
204 198
205 198
206 198
207 198
208 198
209 198
210 198
211 198
212 198
213 198
214 198
215 198
216 198
217 198
218 198
219 198
220 198
221 198
222 198
223 198
224 198
225 198
226 198
227 198
228 198
229 198
230 198
231 198
232 198
233 198
234 198
235 198
236 198
237 198
238 198
239 198
240 198
241 198
242 198
243 198
244 198
245 198
246 198
247 198
248 198
249 198
250 198
251 198
252 198
253 198
254 198
255 198
256 198
257 198
258 198
259 198
260 198
261 198
262 198
263 198
264 198
265 198
266 198
267 198
268 198
269 198
270 198
271 198
272 198
273 198
274 198
274 199
274 200
274 201
274 202
274 203
274 204
274 205
274 206
274 207
274 208
274 209
274 210
274 211
274 212
274 213
274 214
273 214
272 214
271 214
270 214
269 214
268 214
267 214
266 214
265 214
264 214
263 214
262 214
261 214
260 214
259 214
258 214
257 214
256 214
255 214
254 214
253 214
252 214
251 214
250 214
249 214
248 214
247 214
246 214
245 214
244 214
243 214
242 214
241 214
240 214
239 214
238 214
237 214
236 214
235 214
234 214
233 214
232 214
231 214
230 214
229 214
228 214
227 214
226 214
225 214
224 214
223 214
222 214
221 214
220 214
219 214
218 214
217 214
216 214
215 214
214 214
213 214
212 214
211 214
210 214
209 214
208 214
207 214
206 214
205 214
204 214
203 214
202 214
201 214
200 214
199 214
198 214
197 214
196 214
195 214
194 214
193 214
192 214
191 214
190 214
189 214
188 214
187 214
186 214
185 214
184 214
183 214
182 214
181 214
180 214
179 214
178 214
177 214
176 214
175 214
174 214
173 214
172 214
171 214
170 214
169 214
168 214
167 214
166 214
165 214
164 214
163 214
162 214
161 214
160 214
159 214
158 214
158 213
158 212
158 211
158 210
158 209
158 208
158 207
158 206
158 205
158 204
158 203
158 202
158 201
158 200
158 199
7 240
0 0
0 1
0 2
0 3
0 4
0 5
0 6
0 7
0 8
0 9
0 10
0 11
0 12
0 13
0 14
0 15
0 16
0 17
0 18
0 19
0 20
0 21
0 22
0 23
0 24
0 25
0 26
0 27
0 28
0 29
0 30
0 31
0 32
0 33
0 34
0 35
0 36
0 37
0 38
0 39
0 40
0 41
0 42
0 43
0 44
0 45
0 46
0 47
0 48
0 49
0 50
0 51
0 52
0 53
0 54
0 55
0 56
0 57
0 58
0 59
0 60
0 61
0 62
0 63
0 64
0 65
0 66
0 67
0 68
0 69
0 70
0 71
0 72
0 73
0 74
0 75
0 76
0 77
0 78
0 79
0 80
0 81
0 82
0 83
0 84
0 85
0 86
0 87
0 88
0 89
0 90
0 91
0 92
0 93
0 94
0 95
0 96
0 97
0 98
0 99
0 100
0 101
0 102
0 103
0 104
0 105
0 106
0 107
0 108
0 109
0 110
0 111
0 112
0 113
0 114
0 115
0 116
0 117
0 118
0 119
0 120
0 121
0 122
0 123
0 124
0 125
0 126
0 127
0 128
0 129
0 130
0 131
0 132
0 133
0 134
0 135
0 136
0 137
0 138
0 139
0 140
0 141
0 142
0 143
0 144
0 145
0 146
0 147
0 148
0 149
0 150
0 151
0 152
0 153
0 154
0 155
0 156
0 157
0 158
0 159
0 160
0 161
0 162
0 163
0 164
0 165
0 166
0 167
0 168
0 169
0 170
0 171
0 172
0 173
0 174
0 175
0 176
0 177
0 178
0 179
0 180
0 181
0 182
0 183
0 184
0 185
0 186
0 187
0 188
0 189
0 190
0 191
0 192
0 193
0 194
0 195
0 196
0 197
0 198
0 199
0 200
0 201
0 202
0 203
0 204
0 205
0 206
0 207
0 208
0 209
0 210
0 211
0 212
0 213
0 214
0 215
0 216
0 217
0 218
0 219
0 220
0 221
0 222
0 223
0 224
0 225
0 226
0 227
0 228
0 229
0 230
0 231
0 232
0 233
0 234
0 235
0 236
0 237
0 238
0 239
8 240
319 0
319 1
319 2
319 3
319 4
319 5
319 6
319 7
319 8
319 9
319 10
319 11
319 12
319 13
319 14
319 15
319 16
319 17
319 18
319 19
319 20
319 21
319 22
319 23
319 24
319 25
319 26
319 27
319 28
319 29
319 30
319 31
319 32
319 33
319 34
319 35
319 36
319 37
319 38
319 39
319 40
319 41
319 42
319 43
319 44
319 45
319 46
319 47
319 48
319 49
319 50
319 51
319 52
319 53
319 54
319 55
319 56
319 57
319 58
319 59
319 60
319 61
319 62
319 63
319 64
319 65
319 66
319 67
319 68
319 69
319 70
319 71
319 72
319 73
319 74
319 75
319 76
319 77
319 78
319 79
319 80
319 81
319 82
319 83
319 84
319 85
319 86
319 87
319 88
319 89
319 90
319 91
319 92
319 93
319 94
319 95
319 96
319 97
319 98
319 99
319 100
319 101
319 102
319 103
319 104
319 105
319 106
319 107
319 108
319 109
319 110
319 111
319 112
319 113
319 114
319 115
319 116
319 117
319 118
319 119
319 120
319 121
319 122
319 123
319 124
319 125
319 126
319 127
319 128
319 129
319 130
319 131
319 132
319 133
319 134
319 135
319 136
319 137
319 138
319 139
319 140
319 141
319 142
319 143
319 144
319 145
319 146
319 147
319 148
319 149
319 150
319 151
319 152
319 153
319 154
319 155
319 156
319 157
319 158
319 159
319 160
319 161
319 162
319 163
319 164
319 165
319 166
319 167
319 168
319 169
319 170
319 171
319 172
319 173
319 174
319 175
319 176
319 177
319 178
319 179
319 180
319 181
319 182
319 183
319 184
319 185
319 186
319 187
319 188
319 189
319 190
319 191
319 192
319 193
319 194
319 195
319 196
319 197
319 198
319 199
319 200
319 201
319 202
319 203
319 204
319 205
319 206
319 207
319 208
319 209
319 210
319 211
319 212
319 213
319 214
319 215
319 216
319 217
319 218
319 219
319 220
319 221
319 222
319 223
319 224
319 225
319 226
319 227
319 228
319 229
319 230
319 231
319 232
319 233
319 234
319 235
319 236
319 237
319 238
319 239
9 319
1 0
2 0
3 0
4 0
5 0
6 0
7 0
8 0
9 0
10 0
11 0
12 0
13 0
14 0
15 0
16 0
17 0
18 0
19 0
20 0
21 0
22 0
23 0
24 0
25 0
26 0
27 0
28 0
29 0
30 0
31 0
32 0
33 0
34 0
35 0
36 0
37 0
38 0
39 0
40 0
41 0
42 0
43 0
44 0
45 0
46 0
47 0
48 0
49 0
50 0
51 0
52 0
53 0
54 0
55 0
56 0
57 0
58 0
59 0
60 0
61 0
62 0
63 0
64 0
65 0
66 0
67 0
68 0
69 0
70 0
71 0
72 0
73 0
74 0
75 0
76 0
77 0
78 0
79 0
80 0
81 0
82 0
83 0
84 0
85 0
86 0
87 0
88 0
89 0
90 0
91 0
92 0
93 0
94 0
95 0
96 0
97 0
98 0
99 0
100 0
101 0
102 0
103 0
104 0
105 0
106 0
107 0
108 0
109 0
110 0
111 0
112 0
113 0
114 0
115 0
116 0
117 0
118 0
119 0
120 0
121 0
122 0
123 0
124 0
125 0
126 0
127 0
128 0
129 0
130 0
131 0
132 0
133 0
134 0
135 0
136 0
137 0
138 0
139 0
140 0
141 0
142 0
143 0
144 0
145 0
146 0
147 0
148 0
149 0
150 0
151 0
152 0
153 0
154 0
155 0
156 0
157 0
158 0
159 0
160 0
161 0
162 0
163 0
164 0
165 0
166 0
167 0
168 0
169 0
170 0
171 0
172 0
173 0
174 0
175 0
176 0
177 0
178 0
179 0
180 0
181 0
182 0
183 0
184 0
185 0
186 0
187 0
188 0
189 0
190 0
191 0
192 0
193 0
194 0
195 0
196 0
197 0
198 0
199 0
200 0
201 0
202 0
203 0
204 0
205 0
206 0
207 0
208 0
209 0
210 0
211 0
212 0
213 0
214 0
215 0
216 0
217 0
218 0
219 0
220 0
221 0
222 0
223 0
224 0
225 0
226 0
227 0
228 0
229 0
230 0
231 0
232 0
233 0
234 0
235 0
236 0
237 0
238 0
239 0
240 0
241 0
242 0
243 0
244 0
245 0
246 0
247 0
248 0
249 0
250 0
251 0
252 0
253 0
254 0
255 0
256 0
257 0
258 0
259 0
260 0
261 0
262 0
263 0
264 0
265 0
266 0
267 0
268 0
269 0
270 0
271 0
272 0
273 0
274 0
275 0
276 0
277 0
278 0
279 0
280 0
281 0
282 0
283 0
284 0
285 0
286 0
287 0
288 0
289 0
290 0
291 0
292 0
293 0
294 0
295 0
296 0
297 0
298 0
299 0
300 0
301 0
302 0
303 0
304 0
305 0
306 0
307 0
308 0
309 0
310 0
311 0
312 0
313 0
314 0
315 0
316 0
317 0
318 0
319 0
10 319
1 239
2 239
3 239
4 239
5 239
6 239
7 239
8 239
9 239
10 239
11 239
12 239
13 239
14 239
15 239
16 239
17 239
18 239
19 239
20 239
21 239
22 239
23 239
24 239
25 239
26 239
27 239
28 239
29 239
30 239
31 239
32 239
33 239
34 239
35 239
36 239
37 239
38 239
39 239
40 239
41 239
42 239
43 239
44 239
45 239
46 239
47 239
48 239
49 239
50 239
51 239
52 239
53 239
54 239
55 239
56 239
57 239
58 239
59 239
60 239
61 239
62 239
63 239
64 239
65 239
66 239
67 239
68 239
69 239
70 239
71 239
72 239
73 239
74 239
75 239
76 239
77 239
78 239
79 239
80 239
81 239
82 239
83 239
84 239
85 239
86 239
87 239
88 239
89 239
90 239
91 239
92 239
93 239
94 239
95 239
96 239
97 239
98 239
99 239
100 239
101 239
102 239
103 239
104 239
105 239
106 239
107 239
108 239
109 239
110 239
111 239
112 239
113 239
114 239
115 239
116 239
117 239
118 239
119 239
120 239
121 239
122 239
123 239
124 239
125 239
126 239
127 239
128 239
129 239
130 239
131 239
132 239
133 239
134 239
135 239
136 239
137 239
138 239
139 239
140 239
141 239
142 239
143 239
144 239
145 239
146 239
147 239
148 239
149 239
150 239
151 239
152 239
153 239
154 239
155 239
156 239
157 239
158 239
159 239
160 239
161 239
162 239
163 239
164 239
165 239
166 239
167 239
168 239
169 239
170 239
171 239
172 239
173 239
174 239
175 239
176 239
177 239
178 239
179 239
180 239
181 239
182 239
183 239
184 239
185 239
186 239
187 239
188 239
189 239
190 239
191 239
192 239
193 239
194 239
195 239
196 239
197 239
198 239
199 239
200 239
201 239
202 239
203 239
204 239
205 239
206 239
207 239
208 239
209 239
210 239
211 239
212 239
213 239
214 239
215 239
216 239
217 239
218 239
219 239
220 239
221 239
222 239
223 239
224 239
225 239
226 239
227 239
228 239
229 239
230 239
231 239
232 239
233 239
234 239
235 239
236 239
237 239
238 239
239 239
240 239
241 239
242 239
243 239
244 239
245 239
246 239
247 239
248 239
249 239
250 239
251 239
252 239
253 239
254 239
255 239
256 239
257 239
258 239
259 239
260 239
261 239
262 239
263 239
264 239
265 239
266 239
267 239
268 239
269 239
270 239
271 239
272 239
273 239
274 239
275 239
276 239
277 239
278 239
279 239
280 239
281 239
282 239
283 239
284 239
285 239
286 239
287 239
288 239
289 239
290 239
291 239
292 239
293 239
294 239
295 239
296 239
297 239
298 239
299 239
300 239
301 239
302 239
303 239
304 239
305 239
306 239
307 239
308 239
309 239
310 239
311 239
312 239
313 239
314 239
315 239
316 239
317 239
318 239
319 239
